dice_train: 0.1266768181369117 dice_valid: 0.12031237271604422 dice_test: 0.10465918383196056

miou_train: 0.06762144373344431 miou_valid: 0.06400657799183841 miou_test: 0.055219189572226025

precision_train: 0.0685716444784175 precision_valid: 0.06500028547503045 precision_test: 0.05641162015354992

recall_train: 0.829929962677248 recall_valid: 0.8072025761470059 recall_test: 0.7231691919191919

accuracy_train: 0.9858983993530274 accuracy_valid: 0.9861438057639382 accuracy_test: 0.9864064303311435



