epoch: 0
val_loss: 0.996737
test_loss: 0.99779785


epoch: 1
val_loss: 0.9967326
test_loss: 0.99780256


